9.89627e-06,7.41345e-06
9.13434e-06,6.79203e-06
8.30662e-06,6.54538e-06
8.18529e-06,6.34842e-06
7.98035e-06,6.25370e-06
7.85813e-06,6.17959e-06
7.70987e-06,6.15146e-06
7.79127e-06,6.11024e-06
7.85444e-06,6.07091e-06
7.71894e-06,6.02636e-06
7.58741e-06,5.99552e-06
7.47688e-06,5.93019e-06
7.62038e-06,5.93521e-06
7.30260e-06,5.88786e-06
7.35406e-06,5.85279e-06
7.10780e-06,5.80779e-06
7.32930e-06,5.78086e-06
6.95831e-06,5.75091e-06
7.20011e-06,5.72495e-06
7.04576e-06,5.67955e-06
7.34212e-06,5.66090e-06
6.80762e-06,5.63016e-06
7.04207e-06,5.59488e-06
7.12602e-06,5.58822e-06
6.88855e-06,5.58736e-06
6.89751e-06,5.57203e-06
6.99808e-06,5.56381e-06
6.74499e-06,5.56948e-06
6.89210e-06,5.55971e-06
6.64823e-06,5.53898e-06
6.85358e-06,5.53891e-06
6.57391e-06,5.53190e-06
6.61102e-06,5.49573e-06
6.52589e-06,5.51237e-06
6.48003e-06,5.48223e-06
6.70463e-06,5.48204e-06
6.70523e-06,5.48554e-06
6.57861e-06,5.46972e-06
6.35606e-06,5.45522e-06
6.49566e-06,5.45554e-06
6.47413e-06,5.42356e-06
6.66235e-06,5.40730e-06
6.48580e-06,5.40054e-06
6.22370e-06,5.37170e-06
6.51035e-06,5.36824e-06
6.34919e-06,5.34378e-06
6.35041e-06,5.33085e-06
6.11571e-06,5.33599e-06
6.40684e-06,5.33196e-06
6.46008e-06,5.32762e-06
6.29663e-06,5.32358e-06
6.25663e-06,5.33440e-06
6.33340e-06,5.32809e-06
6.17329e-06,5.32073e-06
6.21884e-06,5.30272e-06
6.33429e-06,5.29401e-06
6.11120e-06,5.28712e-06
6.03120e-06,5.27285e-06
6.15629e-06,5.27910e-06
6.39059e-06,5.27656e-06
6.37892e-06,5.26857e-06
6.05217e-06,5.25513e-06
6.15777e-06,5.24612e-06
6.21194e-06,5.26288e-06
6.13938e-06,5.26608e-06
6.21873e-06,5.25985e-06
6.13843e-06,5.25715e-06
5.98850e-06,5.26326e-06
6.13171e-06,5.24617e-06
6.24139e-06,5.24723e-06
5.82620e-06,5.24772e-06
6.03591e-06,5.23190e-06
6.07531e-06,5.21932e-06
6.24147e-06,5.22239e-06
6.10994e-06,5.21058e-06
6.19169e-06,5.22528e-06
6.05319e-06,5.23351e-06
5.93774e-06,5.20788e-06
5.97403e-06,5.21053e-06
5.84292e-06,5.20962e-06
5.82619e-06,5.20116e-06
6.08075e-06,5.21008e-06
5.87526e-06,5.20190e-06
5.86987e-06,5.20451e-06
5.88473e-06,5.19312e-06
5.91908e-06,5.19609e-06
5.90678e-06,5.19163e-06
5.91534e-06,5.17653e-06
5.95399e-06,5.18531e-06
6.06174e-06,5.16522e-06
6.18684e-06,5.16385e-06
5.87309e-06,5.15223e-06
5.75559e-06,5.14978e-06
5.81766e-06,5.15407e-06
5.82333e-06,5.15025e-06
5.89784e-06,5.13891e-06
5.77529e-06,5.14141e-06
5.91733e-06,5.14027e-06
5.89616e-06,5.13433e-06
5.92115e-06,5.15458e-06
5.90142e-06,5.13873e-06
5.72903e-06,5.14077e-06
5.70659e-06,5.14485e-06
5.86432e-06,5.12960e-06
5.90141e-06,5.12700e-06
5.66237e-06,5.12734e-06
5.68178e-06,5.11737e-06
5.87991e-06,5.11295e-06
5.49246e-06,5.12035e-06
5.65984e-06,5.11850e-06
5.65608e-06,5.12160e-06
5.85409e-06,5.10317e-06
5.69738e-06,5.10901e-06
5.55877e-06,5.10650e-06
5.71828e-06,5.09642e-06
5.55142e-06,5.09662e-06
5.62881e-06,5.11903e-06
5.61131e-06,5.10993e-06
5.81446e-06,5.10024e-06
5.43410e-06,5.09037e-06
5.70305e-06,5.08536e-06
5.66876e-06,5.07246e-06
5.73492e-06,5.06183e-06
5.69028e-06,5.09161e-06
5.63756e-06,5.07245e-06
5.75903e-06,5.07686e-06
5.53008e-06,5.09755e-06
5.68737e-06,5.08787e-06
5.42391e-06,5.08099e-06
5.61108e-06,5.08188e-06
5.61022e-06,5.10188e-06
5.73117e-06,5.10288e-06
5.41586e-06,5.09298e-06
5.49679e-06,5.09924e-06
5.40807e-06,5.09288e-06
5.46470e-06,5.08273e-06
5.60461e-06,5.08903e-06
5.38379e-06,5.09496e-06
5.56371e-06,5.07131e-06
5.50492e-06,5.05261e-06
5.42947e-06,5.06776e-06
5.49864e-06,5.07519e-06
5.64083e-06,5.07582e-06
5.47658e-06,5.05421e-06
5.52342e-06,5.06390e-06
5.26581e-06,5.05377e-06
5.66090e-06,5.06572e-06
5.33940e-06,5.07233e-06
5.55132e-06,5.06595e-06
5.44242e-06,5.08030e-06
5.42822e-06,5.07792e-06
5.26175e-06,5.06792e-06
5.46039e-06,5.05884e-06
5.55531e-06,5.06611e-06
5.19882e-06,5.06734e-06
5.44088e-06,5.07325e-06
5.41868e-06,5.08952e-06
5.37263e-06,5.07978e-06
5.34857e-06,5.07151e-06
5.42507e-06,5.07399e-06
5.41911e-06,5.06631e-06
5.45147e-06,5.05756e-06
5.51083e-06,5.05533e-06
5.31497e-06,5.05929e-06
5.23696e-06,5.04827e-06
5.40344e-06,5.04257e-06
5.51346e-06,5.04026e-06
5.29433e-06,5.05518e-06
5.27987e-06,5.03237e-06
5.29951e-06,5.04360e-06
5.30384e-06,5.04121e-06
5.22234e-06,5.04671e-06
5.34954e-06,5.03219e-06
5.38734e-06,5.03308e-06
5.22607e-06,5.01716e-06
5.25750e-06,5.01570e-06
5.32651e-06,5.02453e-06
5.21959e-06,5.03681e-06
5.21573e-06,5.04649e-06
5.41084e-06,5.03851e-06
5.18854e-06,5.04645e-06
5.21262e-06,5.04092e-06
5.17075e-06,5.02846e-06
4.90253e-06,5.04909e-06
5.32406e-06,5.03530e-06
5.30185e-06,5.05489e-06
5.16774e-06,5.03063e-06
5.16647e-06,5.03556e-06
5.37034e-06,5.03540e-06
5.34301e-06,5.03052e-06
5.16063e-06,5.03265e-06
5.29865e-06,5.02794e-06
5.03316e-06,5.01849e-06
5.31324e-06,5.02765e-06
5.30614e-06,5.01696e-06
5.26731e-06,5.01508e-06
5.11452e-06,5.02468e-06
5.23163e-06,5.00384e-06
5.08820e-06,5.01325e-06
5.26267e-06,5.00893e-06
4.98116e-06,5.01395e-06
5.20668e-06,5.00531e-06
5.12133e-06,5.01398e-06
5.02184e-06,5.01634e-06
5.15177e-06,4.99839e-06
5.24959e-06,4.98725e-06
5.13304e-06,5.00833e-06
5.12672e-06,4.99276e-06
5.25517e-06,4.98066e-06
5.08430e-06,4.99124e-06
5.11199e-06,4.97370e-06
5.28701e-06,4.96416e-06
5.00362e-06,4.98140e-06
5.08307e-06,4.98349e-06
5.19375e-06,4.96427e-06
5.15800e-06,4.96877e-06
5.04810e-06,4.98342e-06
5.09184e-06,4.95695e-06
5.17210e-06,4.96859e-06
5.11297e-06,4.97365e-06
5.10945e-06,4.98070e-06
5.11279e-06,4.99387e-06
5.08816e-06,4.98377e-06
4.87962e-06,4.98749e-06
5.26959e-06,5.01118e-06
5.17988e-06,4.99855e-06
5.10275e-06,4.99210e-06
5.23413e-06,4.96745e-06
5.06265e-06,4.97379e-06
4.98153e-06,4.96985e-06
5.16220e-06,4.96370e-06
4.99270e-06,4.97304e-06
4.91858e-06,4.97077e-06
5.12262e-06,4.97709e-06
4.89939e-06,4.96765e-06
4.97989e-06,4.97459e-06
5.15746e-06,4.99577e-06
4.87675e-06,4.99257e-06
5.20149e-06,4.97520e-06
5.02415e-06,4.98679e-06
5.02373e-06,4.98312e-06
4.91018e-06,4.98139e-06
4.97874e-06,4.99654e-06
4.97320e-06,4.98261e-06
4.93661e-06,4.98746e-06
4.93657e-06,5.00009e-06
4.92001e-06,4.98890e-06
4.94862e-06,4.99759e-06
5.10946e-06,5.00475e-06
