9.10538e-06,7.03065e-06
8.62706e-06,6.73085e-06
8.36853e-06,6.53388e-06
8.18111e-06,6.41778e-06
7.89298e-06,6.32744e-06
7.99299e-06,6.26198e-06
7.99965e-06,6.23339e-06
7.97027e-06,6.17781e-06
7.42544e-06,6.12195e-06
7.64594e-06,6.09049e-06
7.36661e-06,6.04277e-06
7.54950e-06,6.05681e-06
7.48588e-06,6.01836e-06
7.54548e-06,5.99234e-06
7.59193e-06,5.94602e-06
7.29394e-06,5.90851e-06
7.14124e-06,5.91926e-06
7.21649e-06,5.87288e-06
7.16041e-06,5.86893e-06
6.99206e-06,5.86864e-06
6.95713e-06,5.80568e-06
7.00195e-06,5.78349e-06
6.98253e-06,5.77795e-06
6.94178e-06,5.78740e-06
6.85625e-06,5.73266e-06
6.95113e-06,5.71376e-06
6.84877e-06,5.71977e-06
6.92672e-06,5.70288e-06
6.83998e-06,5.69021e-06
6.75870e-06,5.68684e-06
6.85969e-06,5.63621e-06
6.79886e-06,5.64947e-06
6.49870e-06,5.61870e-06
6.66848e-06,5.60408e-06
6.75805e-06,5.58446e-06
6.69374e-06,5.56112e-06
6.65918e-06,5.55791e-06
6.58677e-06,5.53808e-06
6.67920e-06,5.53081e-06
6.67332e-06,5.51573e-06
6.76092e-06,5.50741e-06
6.57599e-06,5.49645e-06
6.66265e-06,5.48539e-06
6.48055e-06,5.47007e-06
6.47353e-06,5.47954e-06
6.16507e-06,5.45961e-06
6.38526e-06,5.44164e-06
6.45175e-06,5.43764e-06
6.46842e-06,5.42525e-06
6.47193e-06,5.42896e-06
6.61468e-06,5.44472e-06
6.25685e-06,5.41821e-06
6.33905e-06,5.39384e-06
6.23357e-06,5.41669e-06
6.38481e-06,5.42708e-06
6.43437e-06,5.40394e-06
6.47099e-06,5.38242e-06
6.32430e-06,5.36774e-06
6.25882e-06,5.34940e-06
6.29016e-06,5.35113e-06
6.23202e-06,5.34847e-06
6.42961e-06,5.36566e-06
6.10248e-06,5.35980e-06
6.27887e-06,5.36741e-06
6.28436e-06,5.35583e-06
6.04174e-06,5.36452e-06
6.21128e-06,5.34955e-06
6.11891e-06,5.34055e-06
6.15408e-06,5.34272e-06
6.38473e-06,5.31912e-06
6.11268e-06,5.29969e-06
6.13512e-06,5.29676e-06
6.04377e-06,5.28283e-06
6.26806e-06,5.27736e-06
6.10967e-06,5.24946e-06
6.09542e-06,5.26952e-06
6.17055e-06,5.26789e-06
5.97367e-06,5.24175e-06
6.13216e-06,5.25871e-06
6.03922e-06,5.25007e-06
6.02768e-06,5.26948e-06
5.99199e-06,5.24229e-06
5.98692e-06,5.25205e-06
6.06409e-06,5.25013e-06
6.05859e-06,5.23505e-06
6.11165e-06,5.24751e-06
6.05924e-06,5.22383e-06
5.93706e-06,5.20724e-06
5.90454e-06,5.19629e-06
5.95051e-06,5.21031e-06
5.81054e-06,5.20163e-06
6.08981e-06,5.20888e-06
5.74019e-06,5.19571e-06
5.87171e-06,5.21856e-06
5.69574e-06,5.21804e-06
5.93767e-06,5.22848e-06
5.76820e-06,5.22765e-06
5.87426e-06,5.23651e-06
6.00864e-06,5.21872e-06
5.67134e-06,5.20725e-06
5.77561e-06,5.19920e-06
5.82509e-06,5.19944e-06
5.75711e-06,5.20118e-06
6.08355e-06,5.16414e-06
5.84068e-06,5.17035e-06
5.75236e-06,5.16965e-06
5.78880e-06,5.18895e-06
5.83456e-06,5.18075e-06
5.81111e-06,5.19462e-06
5.84892e-06,5.16914e-06
5.81045e-06,5.18166e-06
5.82230e-06,5.17445e-06
6.05699e-06,5.16194e-06
5.68593e-06,5.16623e-06
5.47609e-06,5.14998e-06
5.79179e-06,5.15849e-06
5.72830e-06,5.14633e-06
5.53691e-06,5.17826e-06
5.62166e-06,5.15901e-06
5.66605e-06,5.14416e-06
5.99049e-06,5.15187e-06
5.71666e-06,5.13387e-06
5.60058e-06,5.13708e-06
5.80304e-06,5.14247e-06
5.77488e-06,5.12987e-06
5.71949e-06,5.13316e-06
5.66755e-06,5.13640e-06
5.61818e-06,5.13334e-06
5.54409e-06,5.14704e-06
5.55059e-06,5.13012e-06
5.87709e-06,5.13830e-06
5.92423e-06,5.13202e-06
5.60486e-06,5.13825e-06
5.57926e-06,5.11880e-06
5.53719e-06,5.12542e-06
5.51904e-06,5.12907e-06
5.49932e-06,5.12988e-06
5.81507e-06,5.13327e-06
5.75972e-06,5.11277e-06
5.44717e-06,5.10173e-06
5.65022e-06,5.09427e-06
5.46556e-06,5.09025e-06
5.57526e-06,5.08898e-06
5.40504e-06,5.09556e-06
5.52618e-06,5.10042e-06
5.49950e-06,5.09836e-06
5.34246e-06,5.10603e-06
5.48831e-06,5.09385e-06
5.62004e-06,5.08984e-06
5.39860e-06,5.09464e-06
5.44243e-06,5.09930e-06
5.70080e-06,5.08568e-06
5.50332e-06,5.07240e-06
5.42023e-06,5.09417e-06
5.65900e-06,5.08411e-06
5.51530e-06,5.09339e-06
5.47337e-06,5.07287e-06
5.62465e-06,5.07145e-06
5.24921e-06,5.07784e-06
5.59292e-06,5.09772e-06
5.48761e-06,5.09553e-06
5.24753e-06,5.09577e-06
5.48541e-06,5.06919e-06
5.20508e-06,5.07454e-06
5.34850e-06,5.06695e-06
5.57278e-06,5.07516e-06
5.28872e-06,5.06875e-06
5.46266e-06,5.08372e-06
5.24547e-06,5.06931e-06
5.18610e-06,5.06232e-06
5.44196e-06,5.04915e-06
5.17849e-06,5.06129e-06
5.30916e-06,5.05620e-06
5.28705e-06,5.07748e-06
5.44308e-06,5.06666e-06
5.22269e-06,5.04839e-06
5.21850e-06,5.06312e-06
5.44580e-06,5.05381e-06
5.31831e-06,5.04845e-06
5.47985e-06,5.05557e-06
5.22957e-06,5.05217e-06
5.38486e-06,5.03411e-06
5.20104e-06,5.03323e-06
5.23833e-06,5.05153e-06
5.17933e-06,5.05451e-06
5.14245e-06,5.06572e-06
5.33778e-06,5.04357e-06
5.09908e-06,5.04145e-06
5.13270e-06,5.03878e-06
5.26004e-06,5.05611e-06
5.24957e-06,5.05623e-06
5.33098e-06,5.03585e-06
5.27642e-06,5.04893e-06
5.35645e-06,5.03412e-06
5.33589e-06,5.02900e-06
5.16144e-06,5.02332e-06
5.22470e-06,5.02322e-06
5.12112e-06,5.01606e-06
5.26929e-06,5.02231e-06
5.11352e-06,5.02084e-06
5.44035e-06,5.02457e-06
5.16105e-06,5.03322e-06
5.20448e-06,5.02962e-06
5.36158e-06,5.02191e-06
5.28276e-06,5.01921e-06
5.17543e-06,5.00626e-06
5.21403e-06,5.00744e-06
5.35365e-06,5.01689e-06
5.07064e-06,5.00367e-06
5.06288e-06,4.99414e-06
4.88941e-06,4.99367e-06
5.17773e-06,4.99231e-06
5.33039e-06,5.00071e-06
5.36298e-06,4.99919e-06
5.21713e-06,5.01193e-06
5.11777e-06,5.00085e-06
5.15396e-06,5.01018e-06
5.12416e-06,5.00394e-06
5.15340e-06,4.99438e-06
5.17346e-06,5.00713e-06
5.23623e-06,5.00691e-06
5.03727e-06,5.01514e-06
5.00573e-06,5.00280e-06
5.00001e-06,4.99572e-06
5.00984e-06,4.99525e-06
4.92158e-06,4.99396e-06
5.04546e-06,5.00807e-06
5.02685e-06,5.01594e-06
5.01467e-06,5.00872e-06
5.18294e-06,5.01983e-06
5.15241e-06,5.03233e-06
5.13297e-06,5.03558e-06
5.09359e-06,5.01237e-06
4.99821e-06,5.02340e-06
5.08988e-06,5.02749e-06
5.01217e-06,5.01303e-06
4.86687e-06,5.00098e-06
5.03445e-06,4.98712e-06
4.82049e-06,5.01039e-06
4.90064e-06,5.00818e-06
4.76175e-06,5.02759e-06
5.00435e-06,5.01964e-06
4.90760e-06,5.01407e-06
5.04392e-06,5.02127e-06
5.15824e-06,5.03195e-06
5.07907e-06,5.05271e-06
4.95396e-06,5.03887e-06
5.03811e-06,5.04716e-06
4.78550e-06,5.01443e-06
4.95780e-06,5.01851e-06
4.95639e-06,5.01638e-06
4.93151e-06,5.01753e-06
4.88943e-06,5.03102e-06
4.89247e-06,5.03641e-06
4.92317e-06,5.05424e-06
4.83328e-06,5.04146e-06
4.99846e-06,5.06446e-06
4.88885e-06,5.04856e-06
5.06193e-06,5.04334e-06
5.09322e-06,5.02079e-06
4.95058e-06,5.05578e-06
4.87785e-06,5.03637e-06
4.90670e-06,5.04391e-06
5.08438e-06,5.03543e-06
5.01088e-06,5.03817e-06
5.06288e-06,5.02368e-06
4.81314e-06,5.02692e-06
4.81427e-06,5.04322e-06
5.08500e-06,5.03471e-06
4.68226e-06,5.03816e-06
5.02852e-06,5.04733e-06
4.74199e-06,5.02819e-06
5.01033e-06,5.04674e-06
4.77392e-06,5.04682e-06
5.05912e-06,5.04619e-06
4.76079e-06,5.04316e-06
4.64770e-06,5.03701e-06
4.69637e-06,5.04866e-06
4.69259e-06,5.04558e-06
4.74035e-06,5.05692e-06
4.77717e-06,5.06344e-06
4.78724e-06,5.06905e-06
4.87879e-06,5.05847e-06
4.59069e-06,5.03917e-06
4.81810e-06,5.04194e-06
4.79637e-06,5.08813e-06
4.96955e-06,5.06750e-06
4.76556e-06,5.10268e-06
4.70086e-06,5.06771e-06
4.86203e-06,5.06974e-06
4.59372e-06,5.05640e-06
4.58940e-06,5.06656e-06
4.72751e-06,5.05023e-06
4.87758e-06,5.07336e-06
4.82370e-06,5.04373e-06
4.88364e-06,5.03987e-06
4.85623e-06,5.04498e-06
4.57919e-06,5.04862e-06
4.68173e-06,5.05180e-06
4.67878e-06,5.03826e-06
4.45682e-06,5.05732e-06
4.79726e-06,5.05949e-06
4.60976e-06,5.04336e-06
4.73922e-06,5.03516e-06
4.52043e-06,5.04827e-06
4.76849e-06,5.05359e-06
4.52704e-06,5.06232e-06
4.76945e-06,5.10458e-06
4.54182e-06,5.06216e-06
4.63470e-06,5.06512e-06
4.57219e-06,5.05174e-06
4.60258e-06,5.06389e-06
4.76008e-06,5.07312e-06
4.62673e-06,5.06188e-06
4.66053e-06,5.07690e-06
4.66412e-06,5.08695e-06
4.70541e-06,5.08866e-06
4.61116e-06,5.08066e-06
4.47262e-06,5.08581e-06
4.76549e-06,5.10451e-06
4.75900e-06,5.10286e-06
4.55343e-06,5.07806e-06
4.60628e-06,5.10929e-06
4.57535e-06,5.12057e-06
4.51535e-06,5.08032e-06
4.72426e-06,5.08847e-06
4.48379e-06,5.10873e-06
4.59344e-06,5.10566e-06
4.61974e-06,5.07433e-06
4.57290e-06,5.09014e-06
4.39394e-06,5.11429e-06
4.72926e-06,5.08681e-06
4.58175e-06,5.10287e-06
4.56256e-06,5.12882e-06
4.60976e-06,5.10213e-06
4.65425e-06,5.10883e-06
4.59736e-06,5.06285e-06
4.41495e-06,5.09896e-06
4.70973e-06,5.06641e-06
4.53128e-06,5.09696e-06
4.51131e-06,5.11763e-06
4.73451e-06,5.13802e-06
4.68531e-06,5.09650e-06
4.35526e-06,5.10204e-06
4.81630e-06,5.09120e-06
4.63920e-06,5.10261e-06
4.69082e-06,5.06793e-06
4.54714e-06,5.04221e-06
4.73191e-06,5.06473e-06
4.55620e-06,5.06442e-06
4.55665e-06,5.04574e-06
4.67640e-06,5.05952e-06
4.46775e-06,5.06637e-06
4.47568e-06,5.07366e-06
4.44706e-06,5.07468e-06
4.63391e-06,5.05711e-06
4.40927e-06,5.11962e-06
4.52797e-06,5.11098e-06
4.58052e-06,5.05709e-06
4.38471e-06,5.08962e-06
4.51218e-06,5.04031e-06
4.56625e-06,5.07720e-06
4.42816e-06,5.10381e-06
4.27562e-06,5.07792e-06
4.48210e-06,5.08445e-06
4.57915e-06,5.11500e-06
4.30915e-06,5.08932e-06
4.53330e-06,5.11007e-06
4.28353e-06,5.09444e-06
4.62084e-06,5.08935e-06
4.22496e-06,5.09910e-06
4.42067e-06,5.10088e-06
4.42206e-06,5.12715e-06
4.44675e-06,5.11708e-06
4.50340e-06,5.12259e-06
4.28164e-06,5.12611e-06
4.35858e-06,5.13345e-06
4.30772e-06,5.14107e-06
4.50891e-06,5.12574e-06
4.63183e-06,5.11198e-06
4.45867e-06,5.15833e-06
4.37707e-06,5.14828e-06
4.47160e-06,5.15603e-06
4.41887e-06,5.18328e-06
4.47439e-06,5.18503e-06
4.67460e-06,5.15239e-06
4.34843e-06,5.15372e-06
4.35691e-06,5.12382e-06
4.32905e-06,5.16647e-06
4.15070e-06,5.18033e-06
4.55589e-06,5.15856e-06
4.20351e-06,5.18066e-06
4.34702e-06,5.15817e-06
4.49807e-06,5.17259e-06
4.12566e-06,5.14750e-06
4.42753e-06,5.13866e-06
4.17211e-06,5.13699e-06
4.27125e-06,5.14318e-06
4.55331e-06,5.16278e-06
