6.16049e-07,4.79459e-07
5.82709e-07,4.80357e-07
5.95159e-07,4.79577e-07
6.09446e-07,4.80177e-07
5.93148e-07,4.79448e-07
6.01334e-07,4.80089e-07
5.90296e-07,4.79895e-07
5.86968e-07,4.80098e-07
5.99628e-07,4.79983e-07
6.14182e-07,4.79563e-07
5.70471e-07,4.80028e-07
5.97080e-07,4.79149e-07
6.08168e-07,4.80110e-07
5.87218e-07,4.80121e-07
6.03574e-07,4.79608e-07
6.08016e-07,4.79638e-07
5.94164e-07,4.78659e-07
6.05095e-07,4.79931e-07
5.87555e-07,4.80168e-07
5.94606e-07,4.80311e-07
5.97274e-07,4.79379e-07
5.96981e-07,4.79807e-07
5.85321e-07,4.80555e-07
5.68819e-07,4.79847e-07
5.98895e-07,4.80721e-07
6.04176e-07,4.80295e-07
6.15591e-07,4.80498e-07
5.82326e-07,4.78967e-07
6.01718e-07,4.80572e-07
5.99975e-07,4.80397e-07
6.00189e-07,4.80080e-07
5.77513e-07,4.81158e-07
5.82062e-07,4.80459e-07
5.86793e-07,4.80316e-07
5.90885e-07,4.80245e-07
5.82935e-07,4.79114e-07
5.97479e-07,4.79244e-07
6.13399e-07,4.79666e-07
6.16862e-07,4.79885e-07
6.06312e-07,4.80879e-07
6.09345e-07,4.81280e-07
6.03315e-07,4.79076e-07
6.06898e-07,4.82509e-07
5.82216e-07,4.80077e-07
5.72154e-07,4.80359e-07
5.91126e-07,4.80188e-07
6.11510e-07,4.80320e-07
5.93435e-07,4.80226e-07
6.19868e-07,4.79837e-07
5.83283e-07,4.80458e-07
6.10639e-07,4.79597e-07
5.76954e-07,4.79739e-07
5.84899e-07,4.79879e-07
6.06620e-07,4.80886e-07
5.89310e-07,4.80753e-07
5.91855e-07,4.79579e-07
5.77032e-07,4.79134e-07
5.83265e-07,4.79931e-07
5.91674e-07,4.80197e-07
5.92910e-07,4.81054e-07
5.97612e-07,4.80740e-07
5.68878e-07,4.80582e-07
6.12546e-07,4.80109e-07
5.88733e-07,4.79439e-07
6.02251e-07,4.80547e-07
5.86582e-07,4.80595e-07
6.11556e-07,4.80612e-07
6.04912e-07,4.78783e-07
6.05580e-07,4.79304e-07
5.89480e-07,4.81337e-07
5.97433e-07,4.81778e-07
5.93787e-07,4.78488e-07
5.94570e-07,4.79910e-07
6.01134e-07,4.79969e-07
5.98315e-07,4.80710e-07
6.11320e-07,4.80805e-07
5.78891e-07,4.79907e-07
6.15963e-07,4.78848e-07
5.92145e-07,4.80535e-07
6.13381e-07,4.81258e-07
5.99965e-07,4.80451e-07
5.99663e-07,4.80717e-07
5.93403e-07,4.78839e-07
6.09046e-07,4.79943e-07
6.24150e-07,4.80069e-07
5.92310e-07,4.80037e-07
6.13415e-07,4.80302e-07
5.90714e-07,4.80801e-07
5.89517e-07,4.80915e-07
5.91511e-07,4.79674e-07
5.57272e-07,4.80268e-07
5.76316e-07,4.80497e-07
5.97335e-07,4.80708e-07
5.67591e-07,4.79558e-07
5.98052e-07,4.80340e-07
5.99791e-07,4.80992e-07
5.98081e-07,4.79807e-07
5.99483e-07,4.79745e-07
5.92580e-07,4.80349e-07
5.91119e-07,4.82050e-07
6.08368e-07,4.80779e-07
6.00832e-07,4.79075e-07
5.89398e-07,4.80225e-07
5.96176e-07,4.79873e-07
5.83961e-07,4.80785e-07
5.77447e-07,4.80933e-07
6.03597e-07,4.79997e-07
5.68813e-07,4.80273e-07
6.05105e-07,4.81360e-07
5.96065e-07,4.80846e-07
6.03862e-07,4.80518e-07
5.97557e-07,4.80641e-07
6.05883e-07,4.79185e-07
5.86429e-07,4.79103e-07
6.09194e-07,4.80314e-07
5.98887e-07,4.80407e-07
6.07977e-07,4.79725e-07
6.07667e-07,4.81629e-07
5.75975e-07,4.79942e-07
5.92166e-07,4.80830e-07
5.93107e-07,4.80735e-07
5.92814e-07,4.81341e-07
6.04644e-07,4.79723e-07
6.02628e-07,4.79326e-07
6.08944e-07,4.79701e-07
6.08966e-07,4.79217e-07
5.99981e-07,4.79480e-07
6.12985e-07,4.79565e-07
6.08702e-07,4.79261e-07
6.06591e-07,4.79075e-07
6.08507e-07,4.79561e-07
5.93740e-07,4.79858e-07
6.06409e-07,4.80311e-07
6.02763e-07,4.79437e-07
6.16086e-07,4.78851e-07
6.14868e-07,4.78516e-07
6.06017e-07,4.79379e-07
6.16610e-07,4.79035e-07
5.94453e-07,4.79712e-07
6.06119e-07,4.79850e-07
5.99380e-07,4.80346e-07
5.89026e-07,4.80332e-07
5.79019e-07,4.80477e-07
5.98818e-07,4.80180e-07
5.85639e-07,4.80166e-07
6.02792e-07,4.80074e-07
5.89142e-07,4.80204e-07
5.89234e-07,4.80203e-07
5.90940e-07,4.79528e-07
5.91135e-07,4.78948e-07
6.09304e-07,4.82451e-07
5.82771e-07,4.79585e-07
6.02131e-07,4.79929e-07
6.10900e-07,4.79954e-07
5.90578e-07,4.80068e-07
5.83870e-07,4.79800e-07
6.06847e-07,4.79172e-07
5.93379e-07,4.80266e-07
6.09140e-07,4.80328e-07
6.15923e-07,4.80688e-07
6.00322e-07,4.79942e-07
6.26565e-07,4.79174e-07
6.02793e-07,4.79458e-07
6.18873e-07,4.80258e-07
6.08200e-07,4.80492e-07
5.81344e-07,4.79535e-07
5.91243e-07,4.80479e-07
5.83295e-07,4.81300e-07
5.75798e-07,4.80252e-07
5.99120e-07,4.80736e-07
5.99165e-07,4.80609e-07
5.84485e-07,4.80580e-07
6.08507e-07,4.80566e-07
5.85791e-07,4.79664e-07
6.01139e-07,4.79639e-07
6.10272e-07,4.79951e-07
5.82517e-07,4.79598e-07
5.98811e-07,4.79524e-07
5.98860e-07,4.79831e-07
5.89836e-07,4.79018e-07
5.94983e-07,4.80361e-07
5.89643e-07,4.79360e-07
5.91494e-07,4.80247e-07
5.93914e-07,4.80104e-07
5.95371e-07,4.80473e-07
5.88975e-07,4.78678e-07
5.94510e-07,4.78461e-07
5.81170e-07,4.79984e-07
6.08475e-07,4.79767e-07
6.07621e-07,4.79998e-07
6.02669e-07,4.79467e-07
6.08157e-07,4.80331e-07
6.18334e-07,4.80707e-07
5.88428e-07,4.80085e-07
6.00948e-07,4.79704e-07
5.93694e-07,4.80315e-07
5.94215e-07,4.80088e-07
5.95050e-07,4.81005e-07
5.83156e-07,4.79210e-07
